Adjuvante	Taxa	Bloco	Prod						
Ta	NA	1	3134.22907						
Ta	NA	2	2933.374419						
Ta	NA	3	2939.454651						
Ta	NA	4	3143.631977						
Aureo	10	1	4120.014535						
Aureo	10	2	4233.00814						
Aureo	10	3	3990.851163						
Aureo	10	4	4162.637209						
Silwet	10	1	4033.611628						
Silwet	10	2	3644.42093						
Silwet	10	3	3784.35814						
Silwet	10	4	4105.451744						
Ochima	10	1	4447.639535						
Ochima	10	2	4655.238372						
Ochima	10	3	3152.252907						
Ochima	10	4	3329.099419						
nad	10	1	2135.025581						
nad	10	2	2141.446512						
nad	10	3	2584.409302						
nad	10	4	1429.47907						
Aureo	30	1	3533.422093						
Aureo	30	2	3705.962791						
Aureo	30	3	5308.855814						
Aureo	30	4	3880.769767						
Silwet	30	1	3698.240698						
Silwet	30	2	4361.216279						
Silwet	30	3	4252.876744						
Silwet	30	4	4317.168605						
Ochima	30	1	3584.423256						
Ochima	30	2	3477.847674						
Ochima	30	3	3153.343023						
Ochima	30	4	3429.692442						
nad	30	1	3283.864535						
nad	30	2	3549.589535						
nad	30	3	3706.337791						
nad	30	4	3482.165116						
Aureo	120	1	3944.05						
Aureo	120	2	4648.90814						
Aureo	120	3	4816.177907						
Aureo	120	4	4489.45						
Silwet	120	1	3486.336047						
Silwet	120	2	3517.189535						
Silwet	120	3	3286.534884						
Silwet	120	4	3422.633721						
Ochima	120	1	4403.6						
Ochima	120	2	4690.09186						
Ochima	120	3	4824.55814						
Ochima	120	4	2917.540116						
nad	120	1	3615.48314						
nad	120	2	3155.190698						
nad	120	3	5417.402326						
nad	120	4	3483.697674						
									
									
									
									
									
									
									
									
									
									
									
									
									
									
									
									
									
									
									
									
									
									
									
									
									
									
									
									
									
									
									
									
									
									
									
									
									
									
									
									
									
									
									
									
									
									
									
									
									
									
									
									
									
									
									
									
									
									
									
									
									
									
									
									
									
									
									
									
									
									
									
									
									
									
									
									
									
									
									
									
									
									
									
									
									
									
									
									
									
									
									
									
									
									
									
									
									
									
									
									
									
									
									
									
									
									
									
									
									
									
									
									
									
									
									
									
									
									
									
									
									
									
									
									
									
									
									
									
									
									
									
									
									
									
									
									
									
									
									
									
									
									
									
									
									
									
									
									
									
									
									
									
									
									
									
									
									
									
									
									
									
									
									
									
									
									
									
									
									
									
									
									
									
									
									
									
									
									
									
									
									
									
									
									
									
									
									
									
									
									
									
									
									
									
									
									
									
									
									
									
									
									
									
									
									
									
									
									
									
									
									
									
									
									
									
									
									
									
									
									
									
									
									
									
									
									
									
									
									
									
									
									
									
									
									
									
									
									
									
									
									
									
									
									
									
									
									
									
									
									
									
									
									
									
									
									
									
									
									
									
									
									
									
									
									
									
									
									
									
									
									
									
									
									
									
									
									
									
									
									
									
									
									
									
									
									
									
									
									
									
									
									
									
									
									
									
									
									
									
									
									
									
									
									
									
									
									
									
									
									
									
									
									
									
									
									
									
									
									
									
									
									
									
									
									
									
									
									
									
									
									
									
									
									
									
									
									
									
									
									
									
									
									
									
									
									
									
									
									
									
									
									
									
									
									
									
									
									
									
									
									
									
									
									
									
									
									
									
									
									
									
									
									
									
									
									
									
									
									
									
									
									
									
									
									
									
									
									
									
									
									
									
									
									
									
									
									
									
									
									
									
									
									
									
									
									
									
									
									
									
									
									
									
									
									
									
									
									
									
									
									
									
									
									
									
									
									
									
									
									
									
									
									
									
									
									
									
									
									
									
									
									
									
									
									
									
									
									
									
									
									
									
									
									
									
									
									
									
									
									
									
									
									
									
									
									
									
									
									
									
									
									
									
									
									
									
									
									
									
									
									
									
									
									
									
									
									
									
									
									
									
									
									
									
									
									
									
									
									
									
									
									
									
									
									
									
									
									
									
									
									
									
									
									
									
									
									
									
									
									
									
									
									
									
									
									
									
									
									
									
									
									
									
									
									
									
									
									
									
									
									
									
									
									
									
									
									
									
									
									
									
									
									
									
									
									
									
									
									
									
									
									
									
									
									
									
									
									
									
									
									
									
									
									
									
									
									
									
									
									
									
									
									
									
									
									
									
									
									
									
									
									
									
									
									
									
									
									
									
									
									
									
									
									
									
									
									
									
									
									
									
									
									
									
									
									
									
									
									
									
									
									
									
									
									
									
									
									
									
									
									
									
									
									
									
									
									
									
									
									
									
									
									
									
									
									
									
									
									
									
									
									
									
									
									
									
									
									
									
									
									
									
									
									
									
									
									
									
									
									
									
									
									
									
									
									
									
									
									
									
									
									
									
									
									
									
									
									
									
									
									
									
									
									
									
									
									
									
									
									
									
									
									
									
									
									
									
									
									
									
									
									
									
									
									
									
									
									
									
									
									
									
									
									
									
									
									
									
									
									
									
									
									
									
									
									
									
									
									
									
									
									
									
									
									
									
									
									
									
									
									
									
									
									
									
									
									
									
									
									
									
									
									
									
									
									
									
									
									
									
									
									
									
									
									
									
									
									
									
									
									
									
									
									
									
									
									
									
									
									
									
									
									
									
									
									
									
									
									
									
									
									
									
									
									
									
									
									
									
									
									
									
									
									
									
									
									
									
									
									
									
									
									
									
									
									
									
									
									
									
									
									
									
									
									
									
									
									
									
									
									
									
									
									
									
									
									
									
									
									
									
									
									
									
									
									
									
									
									
									
									
									
									
									
									
									
									
									
									
									
									
									
									
									
									
									
									
									
									
									
									
									
									
									
									
									
									
									
									
									
									
									
									
									
									
									
									
									
									
									
									
									
									
									
									
									
									
									
									
									
									
									
									
									
									
									
									
									
									
									
									
									
									
									
									
									
									
									
									
									
									
									
									
									
									
									
									
									
									
									
									
									
									
									
									
									
									
